00260881 0
00260622 1
01332730 2
03122748 3
06066555 4
00645415 5
09322930 6
09360122 7
07193596 8
00784342 9
01768969 10
02636811 11
01455754 12
01974062 13
07554856 14
07553301 15
00057306 16
00056912 17
10341660 18
02661252 19
13219258 20
13167078 21
01698271 22
01754576 23
10499355 24
10083823 25
02103406 26
02084071 27
07190941 28
07185325 29
12090318 30
12093769 31
12213635 32
12214245 33
02651424 34
02672371 35
10668450 36
10525134 37
01837746 38
01342529 39
04692908 40
01259005 41
00848169 42
06719579 43
10483138 44
00968211 45
03631445 46
01521603 47
08135342 48
08123167 49
12219065 50
13112664 51
00257269 52
00230746 53
04216634 54
01460029 55
07306252 56
01810447 57
02261757 58
02261419 59
08730550 60
09733899 61
04085873 62
01271658 63
04337740 64
01410223 65
03522863 66
03091374 67
01781478 68
04826771 69
12418065 70
11561228 71
05034989 72
06037666 73
09617161 74
06694149 75
12319687 76
12321077 77
09809749 78
10317007 79
11647131 80
11554175 81
12493208 82
12493426 83
12526178 84
12205694 85
01634424 86
01634142 87
00692329 88
00690614 89
02282082 90
04388743 91
00561714 92
01157517 93
06329313 94
00060477 95
10065066 96
06159473 97
13425637 98
00524299 99
02519183 100
02518161 101
00729108 102
00602805 103
06718862 104
09716439 105
12108742 106
11744859 107
00845909 108
10009671 109
07439284 110
01901783 111
09275473 112
09012297 113
03619396 114
02339413 115
00226566 116
00374224 117
07762244 118
07705931 119
08969798 120
08524735 121
01024190 122
06333653 123
09959387 124
09774783 125
12191587 126
13109733 127
07047804 128
07020895 129
13820655 130
13819207 131
08929922 132
13753430 133
00452512 134
01695567 135
03376595 136
04119892 137
13624873 138
13616054 139
10640620 140
01428853 141
00680485 142
06211078 143
10688356 144
06248968 145
09795124 146
09875786 147
09754051 148
00245289 149
06162979 150
05726596 151
04560113 152
01456463 153
03044934 154
07933799 155
07933274 156
13477023 157
00545557 158
12545232 159
13118707 160
14323683 161
02121511 162
02349212 163
13929852 164
00242003 165
00346537 166
01146039 167
01145359 168
02497824 169
01185611 170
03813704 171
08199025 172
04060647 173
02107248 174
15101586 175
02761685 176
06158185 177
06153846 178
10512562 179
01098452 180
12834408 181
12834671 182
12850718 183
11579418 184
00244625 185
03087366 186
03003928 187
08703454 188
00268112 189
00267522 190
07825972 191
07810907 192
09189411 193
08759420 194
03955296 195
01249490 196
08081403 197
08208560 198
01718867 199
00612114 200
01684899 201
00936620 202
00820976 203
01015244 204
00689729 205
00671351 206
10056103 207
00164816 208
07414922 209
02248465 210
00082563 211
00612160 212
07803545 213
07802417 214
00634472 215
05651680 216
06488880 217
06481320 218
00972621 219
00955060 220
00631391 221
01878466 222
02461014 223
02461128 224
06150633 225
06149484 226
04764412 227
04723816 228
07139151 229
07172756 230
14659211 231
02691156 232
02062212 233
00290276 234
02469588 235
04191150 236
04521987 237
00438495 238
00126264 239
00613973 240
06182144 241
07117472 242
07115914 243
01783571 244
01783706 245
04792357 246
00051045 247
11915214 248
11669921 249
15165289 250
15113229 251
00939277 252
06743362 253
01182654 254
02582042 255
10987358 256
10043643 257
08806897 258
09716933 259
01049266 260
02158896 261
00829170 262
00828990 263
02423465 264
01864707 265
09279458 266
00002684 267
06284225 268
00455348 269
00230276 270
08900535 271
09303647 272
00628491 273
05786372 274
02444662 275
13994806 276
11873396 277
11575425 278
14720238 279
14716997 280
00430140 281
00747029 282
12145802 283
11556857 284
08656590 285
08191701 286
02116980 287
02116118 288
05551318 289
00015388 290
12508936 291
11585340 292
01769902 293
01282014 294
02198332 295
01759182 296
02174461 297
02176268 298
05074057 299
02310895 300
08390511 301
02045024 302
02046321 303
04758181 304
04757864 305
09419536 306
09411430 307
12165384 308
12163824 309
04881998 310
01299888 311
00612652 312
01004072 313
02400139 314
02420389 315
05846932 316
01633173 317
08847694 318
08975106 319
12815925 320
12822650 321
15214840 322
15199033 323
07372959 324
00748282 325
11871916 326
11872473 327
12822284 328
02257141 329
04652930 330
05703429 331
02118476 332
09929577 333
06136258 334
01652850 335
01653223 336
05922949 337
00931467 338
01949435 339
01953810 340
02118242 341
05768553 342
00698732 343
00697589 344
11651259 345
11656974 346
01909397 347
00348312 348
02466670 349
06535222 350
12506784 351
06636806 352
00563552 353
15196746 354
15199592 355
03608870 356
04320126 357
07371293 358
02179518 359
01689226 360
01690339 361
02138766 362
13536794 363
03335600 364
03777283 365
05051896 366
02684924 367
00858742 368
00858377 369
07950418 370
00076400 371
06845599 372
03754979 373
00789448 374
01062739 375
08860123 376
05688486 377
02233096 378
02233338 379
01371092 380
01352059 381
02314321 382
08102555 383
08621598 384
08620061 385
03239726 386
03027250 387
12400489 388
12651821 389
00779360 390
15274695 391
07359599 392
00555447 393
10686313 394
09610660 395
13286099 396
02234988 397
01444326 398
01441510 399
05442131 400
05436080 401
08660339 402
08512259 403
07085786 404
07085375 405
06178812 406
10256080 407
01257145 408
07488875 409
02156546 410
07335716 411
02270342 412
02577061 413
01938426 414
01835496 415
08814333 416
00770151 417
00766234 418
04903813 419
01763829 420
01908287 421
08107499 422
07861421 423
01577513 424
01046587 425
01046059 426
00951037 427
00949619 428
13266892 429
13265904 430
15121625 431
00028270 432
06754184 433
06753800 434
01194418 435
02492198 436
01008719 437
08441203 438
00474017 439
07357679 440
13627516 441
13627327 442
00964569 443
01118449 444
04105068 445
04014297 446
01322854 447
00223983 448
01716882 449
07007945 450
08159924 451
07971582 452
06580646 453
06568978 454
00968962 455
01696849 456
01697837 457
06643408 458
06797169 459
06596978 460
06593296 461
07572957 462
07566340 463
01695976 464
04681797 465
07091902 466
06290637 467
